 11 7306.211900 5.214E-28 1.636E-02.02550.208 2660.94400.35-.026560          2 0 0          0 0 0 15  2 13       16  1 16      4742236033297122 9    93.0   99.0
 11 7306.216300 2.490E-26 2.928E-01.07130.352 2309.73010.61-.006760          1 1 1          0 1 0  7  3  5        7  1  6      4542236065287122 8    45.0   45.0
 13 7306.219000 1.010E-28 4.239E-01.08490.456 1738.02760.72-.007220          2 1 0          0 1 0  3  3  0        2  2  1      4342336070257122 7   126.0   90.0
 14 7306.258800 1.677E-28 1.800E+00.03700.281 1971.03020.47-.024840          0 0 2          0 0 0 12  8  4       11  8  3      4641035041297122 9   150.0  138.0
 14 7306.259512 1.677E-28 1.800E+00.04000.281 1971.03000.47-.024780          0 0 2          0 0 0 12  8  5       11  8  4      4641035041297122 9   150.0  138.0
 13 7306.263600 4.440E-26 1.206E+00.07850.425  883.65220.57-.012699          1 0 1          0 0 0  8  2  6        8  2  7      457641601882622234   306.0  306.0
 13 7306.265700 1.730E-27 9.317E+00.07410.402 1916.67380.67-.008600          1 1 1          0 1 0  6  0  6        5  0  5      434543607025 322 7   234.0  198.0
 11 7306.288500 3.100E-26 2.216E-04.06970.371  756.72470.63-.010640          0 2 1          0 0 0  6  6  0        6  4  3      454223606530712210    39.0   39.0
 12 7306.327400 6.790E-28 9.549E-03.07790.333 1116.63600.57-.011860          2 0 0          0 0 0  9  3  6        8  4  5      4342436070287122 8    57.0   51.0
 11 7306.349900 1.651E-28 1.971E-03.05920.265 2433.79910.44-.008220          2 0 0          0 0 0 13  5  8       12  6  7      4442336032297122 9    81.0   75.0
 12 7306.353700 3.650E-23 9.237E+00.09440.510  136.33650.71-.003259          1 0 1          0 0 0  4  0  4        3  0  3      4565416018245022 6    27.0   21.0
 11 7306.355000 2.172E-29 2.933E-01.02450.250 3654.21360.41-.022040          2 1 0          0 1 0 13  3 11       13  2 12      4442336032297122 9    27.0   27.0
 11 7306.363200 2.666E-28 9.674E-01.02410.208 3437.27510.35-.015164          0 2 1          0 0 0 17  3 14       16  3 13      444233603231712211    35.0   33.0
 14 7306.451432 1.010E-24 3.242E+00.09530.434   91.33030.71-.005600          0 0 2          0 0 0  4  0  4        3  0  3      5541035018257122 7    54.0   42.0
 13 7306.453400 5.330E-29 8.482E-03.05170.298 1290.79870.51-.001536          1 2 0          0 0 0 10  5  6       10  2  9      4342336070287122 8   378.0  378.0
 11 7306.468100 1.547E-26 2.845E-01.08000.371 2146.26360.63-.009000          1 1 1          0 1 0  6  3  4        6  1  5      4742236033257122 7    13.0   13.0
 13 7306.478100 1.430E-28 3.174E-03.07560.430  485.23740.69-.019420          0 0 2          0 0 0  4  3  1        4  4  0      434663607025 322 7    54.0   54.0
 12 7306.483800 5.950E-29 2.267E-01.05940.265 2099.56230.44-.010620          1 0 1          0 0 0 12  5  8       12  3  9      434233607031712211    25.0   25.0
 11 7306.488430 1.270E-22 2.515E-01.10020.510   70.09080.72-.003180          1 0 1          0 0 0  2  2  1        2  0  2      554523301825 322 7     5.0    5.0
 11 7306.503600 2.455E-24 4.149E-01.04220.281 1524.84730.47-.027800          2 0 0          0 0 0 11  2  9       11  1 10      4742236033287122 8    69.0   69.0
 11 7306.507600 1.795E-28 1.689E-02.02020.208 2660.94480.35-.022860          2 0 0          0 0 0 15  3 13       16  0 16      444233603231712211    31.0   33.0
 11 7306.523500 7.121E-29 1.507E-03.03460.235 2551.48210.40-.022160          2 0 0          0 0 0 13  6  7       14  3 12      444233603231712211    81.0   87.0
 15 7306.558917 1.600E-27 3.315E+00.09210.412  181.81810.69-.008100          0 0 2          0 0 0  5  1  4        4  1  3      4641035041257122 7    66.0   54.0
 12 7306.594400 1.390E-28 9.789E-04.08300.352  925.69960.61-.009620          0 0 2          0 0 0  7  3  4        7  4  3      4342636070287122 8    45.0   45.0
 14 7306.669004 2.287E-29 4.454E-01.07130.315 2037.05850.55-.012100          0 1 2          0 1 0  9  2  8        9  1  9      4641035041257122 7   114.0  114.0
 13 7306.684100 1.800E-28 5.554E-03.08250.371  884.07790.63-.016900          0 0 2          0 0 0  7  2  5        6  5  2      4342336070287122 8   270.0  234.0
 14 7306.729507 5.960E-25 2.634E+00.09170.434  157.06470.71-.010320          0 0 2          0 0 0  4  2  2        3  2  1      5641035041257122 7    54.0   42.0
 11 7306.739770 1.010E-21 8.869E-01.07470.391  325.34790.67-.008200          2 0 0          0 0 0  6  1  6        5  0  5      5542233018287122 8    39.0   33.0
 11 7306.745100 1.046E-27 1.090E-03.07890.281 1899.00750.47-.026740          0 0 2          0 0 0 11  3  8       11  4  7      4342236033297122 8    69.0   69.0
 11 7306.752100 1.800E-20 8.886E+00.09300.510   79.49640.72-.006959          1 0 1          0 0 0  3  1  3        2  1  2      5565213018245022 6    21.0   15.0
 11 7306.779300 7.708E-28 8.305E+00.04980.352 3738.60910.61-.014740          1 2 1          0 2 0  8  0  8        7  0  7      4342236033257122 7    51.0   45.0
 11 7306.784800 5.987E-28 1.458E-04.03390.298 1581.33570.51-.017508          0 2 1          0 0 0 10  6  4       10  4  7      434223603330712210    63.0   63.0
 14 7306.792774 6.046E-28 1.559E+00.07350.250 1693.44300.41-.006840          0 0 2          0 0 0 13  5  8       13  4  9      5641035041297122 9   162.0  162.0
 11 7306.802500 6.613E-26 7.033E-01.03920.333 2337.66650.57-.016640          2 1 0          0 1 0  9  0  9        8  1  8      4742236033257122 7    57.0   51.0
 12 7306.815000 1.310E-28 2.669E-04.07580.412  380.70240.69-.011224          0 2 1          0 0 0  5  5  0        4  3  1      4342336070287122 8    11.0    9.0
 16 7306.853540 1.071E-28 1.262E+00.10940.480   32.31170.73-.009200          0 0 2          0 0 0  2  2  1        1  1  0      4611015041 7712248   180.0  108.0
 12 7306.868300 4.870E-29 3.387E-01.04300.250 2239.12600.410.000000         -2-2-2          0 0 0 13 -2 -2       13  3 11      0422234736917122 0    27.0   27.0
 11 7306.896100 1.346E-27 8.174E+00.08540.391 3565.45460.67-.007220          1 2 1          0 2 0  6  1  5        5  1  4      4742236033257122 7    39.0   33.0
 12 7306.946200 8.870E-25 6.980E-01.08090.420  445.34600.63-.011320          1 0 1          0 0 0  6  1  5        6  1  6      454543601825 322 7    39.0   39.0
 14 7307.015378 1.378E-29 4.404E-03.03990.250 1247.96480.41-.021600          0 0 2          0 0 0 12  2 10       13  0 13      564103504131712210   150.0  162.0
 13 7307.037700 6.210E-25 1.008E+00.09360.520  173.11010.71-.008100          2 0 0          0 0 0  4  2  3        3  1  2      454633601825 322 7   162.0  126.0
 12 7307.083200 1.620E-29 1.190E-02.09810.434 1725.01660.71-.003620          2 1 0          0 1 0  3  3  0        3  0  3      4342336070287122 8    21.0   21.0
 11 7307.099500 1.182E-28 7.855E-04.01760.235 2327.91260.40-.016060          0 5 0          0 0 0 14  1 14       14  2 13      4442436032297122 9    87.0   87.0
 13 7307.131100 5.160E-28 1.653E-02.08750.420  601.96110.63-.010440          0 0 2          0 0 0  5  3  3        6  2  4      434653607025 322 7    66.0   78.0
 14 7307.166625 1.773E-28 3.220E+00.07750.352 1999.77680.61-.017600          0 1 2          0 1 0  8  3  6        7  3  5      4641035041257122 7   102.0   90.0
 11 7307.167800 1.980E-23 8.063E-01.05410.230  888.63260.63-.023780          2 0 0          0 0 0  6  6  0        6  5  1      454323601828 322 8    13.0   13.0
 11 7307.199400 5.770E-23 7.831E-01.05230.260  888.59860.63-.018860          2 0 0          0 0 0  6  6  1        6  5  2      454423601828 322 7    39.0   39.0
